# Created by Octave 5.2.0, Fri May 13 20:15:20 2022 CEST <fulvio@fulvio-virtual-machine>
# name: eval_correction
# type: scalar
39


# name: XR
# type: matrix
# ndims: 3
 3 3 301
 0.99431231460207969
 -0.10650361980071354
 0
 0.10650361980071354
 0.99431231460207969
 0
 0.42485499999999998
 0.94128900000000004
 1
 0.81909441937555283
 0.57365872445891197
 0
 -0.57365872445891175
 0.81909441937555294
 0
 0.54904541178393496
 1.4516798258898664
 1
 0.75815660308746835
 0.65207251528865295
 0
 -0.65207251528865329
 0.75815660308746857
 0
 0.74151124640544108
 2.4566090124028932
 1
 0.40674906506404229
 0.91353992691591068
 0
 -0.91353992691591057
 0.40674906506404235
 0
 0.72423607151238911
 3.2710899633895623
 1
 -0.55499467708520711
 0.83185389847441771
 0
 -0.83185389847441771
 -0.554994677085207
 0
 -0.21003407301676441
 2.9050627391872736
 1
 0.99621567553179224
 0.086915636249960862
 0
 -0.086915636249960876
 0.99621567553179202
 0
 1.3767926059983004
 3.2126632811706193
 1
 0.99997204602930445
 -0.0074771090647965848
 0
 0.0074771090647965588
 0.99997204602930445
 0
 1.9402946556543663
 3.050087306151458
 1
 -0.314954877510495
 -0.94910664581613213
 0
 0.94910664581613247
 -0.31495487751049506
 0
 1.3891332442334774
 3.2016341889525983
 1
 0.93820763869995261
 -0.34607286326012182
 0
 0.34607286326012177
 0.9382076386999525
 0
 1.844109695371885
 3.0018806777336491
 1
 -0.63193136502512648
 -0.77502435438989958
 0
 0.77502435438989947
 -0.63193136502512659
 0
 1.7076877040540948
 1.9414557150397718
 1
 -0.98587382735703832
 -0.16748969082419538
 0
 0.16748969082419538
 -0.98587382735703832
 0
 1.3459784305528226
 1.0968967070648195
 1
 -0.88148001702591894
 -0.47222132478741935
 0
 0.47222132478741957
 -0.88148001702591916
 0
 1.0952330358619051
 1.0825915439787419
 1
 0.83738631947529818
 -0.54661151831590082
 0
 0.54661151831590071
 0.83738631947529796
 0
 1.5995084980837182
 1.1866485450949786
 1
 0.72881115479674408
 0.6847147585994009
 0
 -0.68471475859940101
 0.72881115479674419
 0
 0.92136328560107461
 1.3866309784515063
 1
 0.9978367147272269
 0.065741088691738406
 0
 -0.06574108869173842
 0.9978367147272269
 0
 2.9061225938206725
 -0.022668247847022732
 1
 -0.19829087108730931
 0.98014321935288429
 0
 -0.9801432193528844
 -0.19829087108730931
 0
 0.87925125323175379
 1.3905139204834529
 1
 0.89304688131479992
 0.44996362939009849
 0
 -0.44996362939009849
 0.89304688131479992
 0
 2.6627791002019636
 -0.10798794667068234
 1
 0.78568428058076079
 0.61862768386832845
 0
 -0.61862768386832845
 0.78568428058076079
 0
 3.7074904925894994
 0.022236549140126849
 1
 0.94214328574652995
 0.33521042514028815
 0
 -0.33521042514028815
 0.94214328574652983
 0
 4.7496836074702813
 0.19576757513874177
 1
 0.89058790412950983
 -0.45481115313743947
 0
 0.45481115313743931
 0.89058790412950961
 0
 6.5282565916460307
 0.27883414595715567
 1
 0.79289477726765412
 -0.6093585743892318
 0
 0.60935857438923191
 0.79289477726765412
 0
 7.2278822979986392
 0.27951679654715311
 1
 0.95013789865034548
 -0.31183003952202171
 0
 0.31183003952202165
 0.95013789865034537
 0
 7.3634161045788105
 0.31030277425268488
 1
 -0.24423917301755982
 0.96971502327420844
 0
 -0.96971502327420833
 -0.24423917301755985
 0
 7.5576364610144635
 0.21882130498931754
 1
 0.98998049240928976
 0.14120419487062183
 0
 -0.14120419487062186
 0.98998049240928976
 0
 8.4033800790074249
 0.24110198825940574
 1
 0.99982101442819593
 0.018919278732907028
 0
 -0.018919278732907014
 0.99982101442819582
 0
 9.5125876759461914
 0.206155593530153
 1
 0.96849074323882389
 0.24904955382556029
 0
 -0.24904955382556029
 0.96849074323882389
 0
 10.129091411983334
 -0.0088909308583138696
 1
 0.99288776426821501
 0.11905413712452902
 0
 -0.11905413712452897
 0.99288776426821457
 0
 11.948606889825326
 0.15195269178129506
 1
 0.99267776401658436
 -0.12079261909170545
 0
 0.12079261909170547
 0.99267776401658447
 0
 10.662042688740735
 -0.28630123525689205
 1
 0.98975872488710859
 0.14275036430722082
 0
 -0.14275036430722082
 0.98975872488710881
 0
 13.129823262925424
 0.1741774621199208
 1
 -0.85774011743907286
 -0.51408354470417095
 0
 0.51408354470417095
 -0.85774011743907286
 0
 12.250110608609527
 0.079204138955534686
 1
 -0.87086451728049419
 -0.49152313530678493
 0
 0.49152313530678488
 -0.87086451728049408
 0
 11.916364149506935
 0.12560913979853061
 1
 -0.90434622390389074
 -0.4267996102514317
 0
 0.4267996102514317
 -0.90434622390389063
 0
 12.246745642659125
 0.29451018851414723
 1
 -0.60435978576373284
 0.79671152204020179
 0
 -0.79671152204020179
 -0.60435978576373284
 0
 11.246096723418058
 0.048458008367746386
 1
 0.87187158393390951
 0.48973456190938364
 0
 -0.48973456190938358
 0.87187158393390951
 0
 11.396291594322088
 0.10171325543917376
 1
 0.052896514698848825
 -0.99859999936546873
 0
 0.99859999936546895
 0.052896514698848963
 0
 11.428120366832758
 -0.91210785783593962
 1
 -0.17192253396127591
 -0.98511047213819314
 0
 0.98511047213819336
 -0.17192253396127588
 0
 11.352116786014907
 -1.9136512894052489
 1
 -0.046232687322121206
 -0.99893069760768438
 0
 0.99893069760768416
 -0.046232687322121192
 0
 11.270939685341382
 -2.8998020433300034
 1
 0.042507756010967172
 -0.99909613685516374
 0
 0.99909613685516385
 0.042507756010967165
 0
 11.41371660213685
 -2.884238130666736
 1
 0.97164346051135009
 -0.23645081020273268
 0
 0.23645081020273268
 0.97164346051135009
 0
 12.315654083566654
 -2.9224618515430256
 1
 0.8960871321324716
 -0.44387819458338162
 0
 0.44387819458338162
 0.89608713213247149
 0
 11.66401551317596
 -3.6448083365504216
 1
 -0.90137332742080045
 0.43304286694778132
 0
 -0.43304286694778132
 -0.90137332742080079
 0
 12.333221459140281
 -2.931704960864661
 1
 -0.77214574522723978
 0.63544547219054937
 0
 -0.63544547219054925
 -0.77214574522723978
 0
 10.966640929424425
 -2.7943333539439541
 1
 -0.70977781870080581
 0.7044256157184563
 0
 -0.70442561571845619
 -0.7097778187008057
 0
 10.362357144978345
 -2.8715073219823846
 1
 -0.75944436363098422
 0.65057225467209223
 0
 -0.65057225467209223
 -0.75944436363098433
 0
 9.6186687944724625
 -2.9870273059180006
 1
 -0.77615971249807714
 0.63053635953440601
 0
 -0.63053635953440623
 -0.77615971249807736
 0
 9.4221408132391673
 -2.9573852584803402
 1
 -0.68016552221632676
 -0.73305856681999937
 0
 0.73305856681999959
 -0.68016552221632698
 0
 9.3251085649698897
 -3.9200296123915011
 1
 -0.69192716891976491
 -0.72196730736971682
 0
 0.72196730736971648
 -0.69192716891976469
 0
 9.2193228673110568
 -4.8073828285494393
 1
 -0.51023241094138427
 -0.86003656133035555
 0
 0.86003656133035544
 -0.51023241094138427
 0
 9.2335216757014944
 -5.8924090986449311
 1
 -0.12436791748654574
 -0.99223617203771608
 0
 0.99223617203771619
 -0.12436791748654574
 0
 9.2321592979065539
 -6.9335750537011869
 1
 0.0072290732675271098
 -0.99997386990845549
 0
 0.99997386990845571
 0.007229073267527108
 0
 9.2125974938418604
 -7.9054462707561406
 1
 -0.21368286728155197
 -0.9769030823118201
 0
 0.97690308231181966
 -0.21368286728155195
 0
 9.2758742118334396
 -8.9967027143154645
 1
 -0.33756951255597689
 -0.94130060246061686
 0
 0.94130060246061686
 -0.33756951255597684
 0
 9.4736617459200136
 -10.271519618254668
 1
 -0.27418791110154245
 -0.96167613540410413
 0
 0.96167613540410413
 -0.27418791110154234
 0
 9.4752631430619747
 -11.292405258005704
 1
 -0.4179415346764816
 -0.9084739256534925
 0
 0.90847392565349228
 -0.41794153467648154
 0
 9.3805255149040736
 -12.120145826393848
 1
 -0.53889790925565451
 -0.84237108414278117
 0
 0.84237108414278117
 -0.53889790925565462
 0
 9.3603742869323181
 -13.085106188992942
 1
 -0.64400923325617743
 -0.76501771710254562
 0
 0.76501771710254551
 -0.64400923325617743
 0
 9.4076636088729124
 -14.200311684184127
 1
 -0.63277337703142078
 -0.77433704116505453
 0
 0.77433704116505475
 -0.63277337703142078
 0
 9.3665391902670194
 -14.046714440292769
 1
 0.49746084115359657
 0.86748643304593298
 0
 -0.86748643304593287
 0.49746084115359651
 0
 9.4973529823029832
 -13.212443242928646
 1
 0.29177167432352236
 0.95648799786638661
 0
 -0.9564879978663865
 0.29177167432352236
 0
 9.3991996253486736
 -12.163995095906422
 1
 0.2729750193900094
 0.96202112179984078
 0
 -0.96202112179984089
 0.27297501939000945
 0
 9.46270034879519
 -12.144261704525539
 1
 -0.99993693675602324
 0.011230427907285583
 0
 -0.011230427907285571
 -0.99993693675602324
 0
 8.7839877814785012
 -12.487164051794238
 1
 -0.95956384337231238
 -0.28149108421503621
 0
 0.28149108421503621
 -0.95956384337231215
 0
 8.260419177073846
 -11.738955907925252
 1
 -0.53075775348029408
 0.84752357319460525
 0
 -0.84752357319460547
 -0.53075775348029408
 0
 8.390254773077265
 -12.050995400987622
 1
 0.70883174734509957
 0.70537759672085754
 0
 -0.70537759672085776
 0.70883174734509979
 0
 9.4023728992876929
 -12.096885970576801
 1
 0.66855696886393967
 0.74366093038659842
 0
 -0.74366093038659853
 0.66855696886393978
 0
 10.412039539281896
 -12.059105266763453
 1
 0.70520590027883223
 0.70900256573014031
 0
 -0.70900256573014031
 0.70520590027883201
 0
 11.339067310093387
 -11.996680155620998
 1
 0.76400410290255405
 0.6452113845462305
 0
 -0.64521138454623062
 0.76400410290255405
 0
 11.311521624695432
 -11.932686526649698
 1
 0.43807939955946384
 -0.89893628232573841
 0
 0.89893628232573852
 0.4380793995594639
 0
 11.351047663250444
 -13.059198305603017
 1
 0.29625683014098725
 -0.95510831354083314
 0
 0.95510831354083281
 0.29625683014098719
 0
 11.44078370977827
 -14.285437378288794
 1
 0.41267001484651133
 -0.9108805952739254
 0
 0.91088059527392529
 0.41267001484651128
 0
 11.33357140977175
 -13.878023477102172
 1
 -0.40015768176898059
 0.9164463048762187
 0
 -0.91644630487621892
 -0.40015768176898064
 0
 11.29994514414402
 -12.846176391773133
 1
 -0.45031486429179862
 0.89286982421731498
 0
 -0.89286982421731487
 -0.45031486429179857
 0
 11.353594617790812
 -11.966203953254272
 1
 -0.61275035741753059
 0.79027653355309058
 0
 -0.79027653355309047
 -0.61275035741753037
 0
 11.307255486770693
 -10.856389286003013
 1
 -0.68869935786300862
 0.72504702914988883
 0
 -0.72504702914988872
 -0.68869935786300862
 0
 11.294602875994563
 -9.977063636206946
 1
 -0.75981735063925859
 0.65013659616078967
 0
 -0.65013659616078956
 -0.75981735063925859
 0
 11.132956905065743
 -9.8232942131910104
 1
 -0.51391746468675648
 -0.85783963506586536
 0
 0.85783963506586525
 -0.51391746468675659
 0
 11.18825651212275
 -9.842574244639156
 1
 -0.85846956146797537
 0.51286451625451923
 0
 -0.51286451625451912
 -0.85846956146797526
 0
 11.164659449175328
 -8.9034002975786954
 1
 -0.79176199979113648
 0.61082971087426674
 0
 -0.61082971087426674
 -0.79176199979113659
 0
 11.107553394780348
 -7.8961987212834908
 1
 -0.4587376937218558
 0.88857173506631038
 0
 -0.88857173506631015
 -0.45873769372185563
 0
 11.16426218092256
 -7.8900694729533107
 1
 0.99989968631493631
 -0.014163943917293448
 0
 0.014163943917293458
 0.9998996863149362
 0
 12.366156626381413
 -7.9802640617147151
 1
 0.94566552364337997
 -0.32514107306258971
 0
 0.32514107306258977
 0.94566552364337975
 0
 13.14909665513307
 -7.911782168304291
 1
 -0.90073623564736494
 0.43436647406517759
 0
 -0.43436647406517764
 -0.90073623564736482
 0
 12.130591838733451
 -7.9355118144369143
 1
 -0.69842387705910292
 0.7156843493843712
 0
 -0.71568434938437131
 -0.69842387705910303
 0
 11.490732478939345
 -7.980981430185091
 1
 -0.42889556010127383
 0.90335408258634375
 0
 -0.90335408258634375
 -0.42889556010127378
 0
 11.229201035608588
 -7.940337637178053
 1
 -0.85558963802674426
 -0.51765468345342391
 0
 0.51765468345342391
 -0.85558963802674426
 0
 11.19700014698174
 -8.9334870784342346
 1
 -0.79139150531735425
 -0.61130964765127993
 0
 0.61130964765127993
 -0.79139150531735436
 0
 11.327544482411525
 -8.9749677478878844
 1
 0.83551090990196064
 -0.54947385691659401
 0
 0.54947385691659401
 0.83551090990196086
 0
 12.304746428292987
 -9.0315890614864678
 1
 0.99581125615085087
 -0.091432719106808738
 0
 0.09143271910680878
 0.99581125615085087
 0
 13.679818120853501
 -9.1037547858148056
 1
 -0.99123705867793455
 0.13209501695187581
 0
 -0.13209501695187581
 -0.99123705867793455
 0
 12.173315643341326
 -8.940776054044699
 1
 -0.90769270262478041
 0.41963550564951252
 0
 -0.41963550564951246
 -0.90769270262478041
 0
 11.227878136943476
 -8.9524071777360081
 1
 -0.72869973210664851
 0.68483333770173482
 0
 -0.68483333770173471
 -0.72869973210664862
 0
 11.215094482308253
 -8.9564163955466007
 1
 -0.93432074423267819
 -0.35643336950472798
 0
 0.35643336950472804
 -0.9343207442326783
 0
 11.197491610631049
 -8.8971418249249083
 1
 -0.19820332815101413
 0.98016092592485116
 0
 -0.98016092592485127
 -0.19820332815101424
 0
 10.293534661691691
 -8.8681839529281277
 1
 0.029101166779568772
 0.9995764713577785
 0
 -0.99957647135777816
 0.029101166779568879
 0
 9.0441319641232329
 -8.8032184990250819
 1
 -0.097329903061551037
 0.99525217405943367
 0
 -0.99525217405943356
 -0.097329903061551079
 0
 9.2221895358307204
 -8.9049729657335952
 1
 -0.87488170024880574
 -0.48433667068451292
 0
 0.48433667068451258
 -0.87488170024880574
 0
 9.2180495068058779
 -9.8172883012105512
 1
 -0.58032722738702935
 -0.81438339199254461
 0
 0.81438339199254461
 -0.58032722738702947
 0
 9.2711455346495413
 -10.852707746254845
 1
 -0.49130392251300159
 -0.87098820642035024
 0
 0.87098820642035013
 -0.49130392251300153
 0
 9.3585792267312993
 -12.098148340510983
 1
 -0.38314963005743152
 -0.92368628927079643
 0
 0.92368628927079655
 -0.38314963005743152
 0
 9.3984213122018812
 -13.152673307792703
 1
 -0.26897519792585139
 -0.96314710345863008
 0
 0.96314710345863008
 -0.26897519792585139
 0
 9.4414397812804705
 -13.137779843796583
 1
 -0.9094772249802795
 0.41575374591477826
 0
 -0.41575374591477837
 -0.90947722498027972
 0
 8.3658114049856724
 -13.066183110074215
 1
 -0.92667015272305697
 0.37587554862244832
 0
 -0.37587554862244821
 -0.92667015272305697
 0
 7.4122456349731296
 -12.981824526789126
 1
 -0.94196612465957941
 0.33570793853260866
 0
 -0.33570793853260872
 -0.94196612465957952
 0
 6.5521517913540706
 -12.96512599572563
 1
 -0.94804390134743677
 0.31813953089475083
 0
 -0.31813953089475083
 -0.94804390134743666
 0
 5.5719845757498803
 -12.614739071111989
 1
 -0.95231109686482174
 0.30512878393904397
 0
 -0.30512878393904402
 -0.95231109686482185
 0
 4.4427915125743898
 -12.540233923295474
 1
 -0.94688921740307086
 0.32155996325071334
 0
 -0.32155996325071329
 -0.94688921740307086
 0
 3.2635906615256287
 -12.433742981524631
 1
 -0.97556782837671963
 0.21969845751923445
 0
 -0.21969845751923439
 -0.97556782837671985
 0
 3.3279660912571374
 -12.41906999389167
 1
 -0.20437064977951644
 -0.97889357823447709
 0
 0.97889357823447676
 -0.20437064977951647
 0
 3.3167206756677925
 -12.472599460717849
 1
 0.99352582910370768
 -0.11360645625927351
 0
 0.11360645625927349
 0.99352582910370768
 0
 4.4167948148901317
 -12.701474640633052
 1
 0.99029020579494398
 -0.13901549664194837
 0
 0.13901549664194834
 0.99029020579494409
 0
 5.3687845269738999
 -12.836849489839482
 1
 0.97752665448279408
 -0.21081185871690458
 0
 0.21081185871690453
 0.9775266544827943
 0
 5.3857228751354533
 -12.790433702609969
 1
 -0.1815067524447064
 -0.98338969834800283
 0
 0.98338969834800272
 -0.1815067524447064
 0
 5.5280359543965574
 -12.731432719688526
 1
 -0.96946157159603497
 0.24524326942557628
 0
 -0.24524326942557628
 -0.9694615715960353
 0
 4.4944729681553532
 -12.533905980206061
 1
 -0.96730937758181956
 0.25359922721150618
 0
 -0.25359922721150624
 -0.96730937758181945
 0
 3.601077554541924
 -12.233759840223263
 1
 -0.98483655923917734
 0.17348473012325411
 0
 -0.17348473012325416
 -0.98483655923917746
 0
 3.3365786706101415
 -11.108902420062082
 1
 -0.99744682881660851
 0.07141304981368253
 0
 -0.071413049813682572
 -0.99744682881660818
 0
 3.2593440530960316
 -10.218163666211423
 1
 -0.96854036231716389
 0.24885651802301098
 0
 -0.24885651802301087
 -0.96854036231716412
 0
 0.3259373118684209
 -10.475121087651692
 1
 -0.88315256752411808
 0.46908585831973093
 0
 -0.46908585831973099
 -0.88315256752411797
 0
 -3.37706119810312
 -9.6398377296310187
 1
 -0.86094495051086084
 0.50869813464357416
 0
 -0.50869813464357427
 -0.86094495051086062
 0
 -4.7429810538151012
 -9.0761315381386609
 1
 -0.85441857537531041
 0.51958531354689486
 0
 -0.51958531354689508
 -0.85441857537531041
 0
 -5.7827759067217581
 -8.8882964720008335
 1
 -0.90727328278775354
 0.42054154413034278
 0
 -0.42054154413034284
 -0.90727328278775365
 0
 -5.8474762679291992
 -9.0729623733420723
 1
 -0.93342838172358522
 0.35876378885401655
 0
 -0.35876378885401655
 -0.93342838172358533
 0
 -5.877554608025565
 -8.6101139385415859
 1
 -0.97086397666294921
 0.23963125592919754
 0
 -0.23963125592919754
 -0.97086397666294921
 0
 -5.6191699720042649
 -8.7716341310354053
 1
 0.2689573035282064
 0.9631521005941045
 0
 -0.96315210059410461
 0.26895730352820646
 0
 -5.3340724125628336
 -7.8257760908881595
 1
 0.28239915488490086
 0.95929699119735257
 0
 -0.95929699119735234
 0.28239915488490092
 0
 -5.146104885319903
 -6.6553655695916429
 1
 0.30373660046840467
 0.95275604303299843
 0
 -0.95275604303299832
 0.30373660046840462
 0
 -5.2148142607296792
 -5.6348055155219523
 1
 0.31865070386100963
 0.94787221128635446
 0
 -0.94787221128635457
 0.31865070386100969
 0
 -5.038963246940642
 -4.6398669612717285
 1
 0.26884297841437121
 0.96318401822148714
 0
 -0.96318401822148703
 0.26884297841437121
 0
 -5.0168220896065199
 -4.6427185555645076
 1
 0.065025938007106626
 0.99788357406377604
 0
 -0.99788357406377615
 0.06502593800710664
 0
 -4.0615171564722932
 -4.8555828546139468
 1
 -0.14620098527660932
 0.98925490744506717
 0
 -0.98925490744506728
 -0.14620098527660935
 0
 -3.0678673410285917
 -5.0805157107438932
 1
 0.97785189457897392
 0.20929804649903189
 0
 -0.209298046499032
 0.97785189457897403
 0
 -2.1321747501233457
 -5.3350905515134741
 1
 0.97051525133166017
 0.24103972065334711
 0
 -0.24103972065334717
 0.97051525133166039
 0
 -1.0317382327898037
 -5.5876748854457299
 1
 0.98222012533746039
 0.1877328564265292
 0
 -0.18773285642652923
 0.98222012533746028
 0
 -0.085774224644434321
 -5.812056734017391
 1
 0.98508339215701912
 0.17207762927359332
 0
 -0.17207762927359338
 0.98508339215701923
 0
 1.0412276020557314
 -6.0502235848180419
 1
 0.98816098800787933
 0.15342053897471442
 0
 -0.15342053897471444
 0.98816098800787944
 0
 2.1382538338562962
 -6.3216599577545018
 1
 0.99520635451317874
 0.097797300252048525
 0
 -0.097797300252048552
 0.99520635451317874
 0
 3.1668323442030304
 -6.4329398763882795
 1
 0.99588867639460266
 -0.090585563027489074
 0
 0.090585563027489102
 0.99588867639460232
 0
 3.1287067096868171
 -6.4591388626957027
 1
 0.95846349606074233
 -0.28521522876420852
 0
 0.28521522876420846
 0.9584634960607421
 0
 2.8920817858961265
 -6.4458449983874999
 1
 0.8511413556964561
 -0.52493656057013116
 0
 0.52493656057013116
 0.8511413556964561
 0
 1.8604699397666393
 -6.2369273832717766
 1
 0.62865076851527046
 0.77768773376282596
 0
 -0.77768773376282596
 0.62865076851527046
 0
 0.86142778226182293
 -6.0047000509291619
 1
 -0.67927940704220047
 0.73387974980128501
 0
 -0.73387974980128512
 -0.67927940704220069
 0
 -0.16187233443223167
 -5.8217975573037375
 1
 -0.7363299099266275
 0.67662268935311709
 0
 -0.67662268935311709
 -0.73632990992662761
 0
 -0.12414295016536259
 -5.6610582660084692
 1
 -0.87450283341950164
 0.48502040610809738
 0
 -0.48502040610809727
 -0.87450283341950152
 0
 0.36620303651753672
 -5.4410990297519648
 1
 -0.97916225623107944
 0.20307948190908354
 0
 -0.20307948190908351
 -0.97916225623107944
 0
 0.78403819238240635
 -5.1356236389266687
 1
 -0.2155112398389013
 -0.97650135970366148
 0
 0.97650135970366125
 -0.21551123983890144
 0
 0.70650840970308515
 -5.6103793211467279
 1
 -0.14602382386909649
 -0.98928107374125307
 0
 0.98928107374125329
 -0.14602382386909654
 0
 0.78279762450016355
 -6.676613017916341
 1
 -0.11808258951722907
 -0.993003777461549
 0
 0.993003777461549
 -0.118082589517229
 0
 0.88424122675773675
 -7.6320096742591863
 1
 -0.24684027523425919
 -0.96905617923950893
 0
 0.96905617923950893
 -0.24684027523425925
 0
 -0.26709326082475465
 -8.5560102045965909
 1
 -0.31223149501018038
 -0.95000604920374487
 0
 0.95000604920374465
 -0.31223149501018033
 0
 -1.0215456625097921
 -9.2708384920033797
 1
 -0.43652233571370397
 -0.89969342023994603
 0
 0.89969342023994614
 -0.43652233571370408
 0
 -2.9527504085819714
 -9.5214635749117296
 1
 -0.91054639593455111
 0.41340689502063221
 0
 -0.41340689502063238
 -0.910546395934551
 0
 -2.6781083372535233
 -9.5108498953872438
 1
 -0.93248423539146497
 0.36121067363298576
 0
 -0.36121067363298587
 -0.93248423539146486
 0
 -3.1093891598594392
 -9.2552668217264671
 1
 -0.94903866858524732
 0.31515965085959385
 0
 -0.3151596508595938
 -0.94903866858524744
 0
 -3.5102154088688318
 -8.0845028995556572
 1
 -0.97286297063205918
 0.23138202257946722
 0
 -0.23138202257946724
 -0.97286297063205918
 0
 -3.6340754049821453
 -8.0274650418194788
 1
 0.29450561230634237
 0.95564974981426454
 0
 -0.95564974981426432
 0.29450561230634248
 0
 -4.4378336470780946
 -7.8787341773704389
 1
 0.35471780197221536
 0.93497341190217831
 0
 -0.9349734119021782
 0.35471780197221542
 0
 -5.2372031554687197
 -7.713992268280558
 1
 0.52324327475496613
 0.85218335786595734
 0
 -0.85218335786595734
 0.52324327475496624
 0
 -6.3741625131423216
 -6.6020187378149746
 1
 -0.81095382816784456
 0.58511015080915996
 0
 -0.58511015080915996
 -0.81095382816784456
 0
 -7.322446999494427
 -6.5557306950544305
 1
 -0.84956326529098813
 0.52748673752817177
 0
 -0.52748673752817188
 -0.84956326529098813
 0
 -7.8169568275578891
 -6.4317630903558154
 1
 -0.87027459219060077
 0.49256688295853146
 0
 -0.49256688295853152
 -0.87027459219060077
 0
 -8.521837443330849
 -6.1054250972330291
 1
 -0.88590353457254267
 0.46386951552335859
 0
 -0.46386951552335842
 -0.88590353457254256
 0
 -9.0284305362647963
 -5.6171441436728173
 1
 -0.92123928056612492
 0.38899638551278198
 0
 -0.38899638551278193
 -0.92123928056612492
 0
 -9.1148796635183054
 -5.3826154184967123
 1
 -0.9519754961956931
 0.30617422269512473
 0
 -0.30617422269512473
 -0.95197549619569322
 0
 -9.3690757133205231
 -5.2340021372389867
 1
 -0.94772839641866968
 0.31907818261626208
 0
 -0.31907818261626203
 -0.94772839641866968
 0
 -9.7977572267107842
 -4.7274996095315469
 1
 -0.93834082058413748
 0.34571159139590241
 0
 -0.34571159139590241
 -0.93834082058413737
 0
 -10.10025789396939
 -3.8369355625207504
 1
 -0.93932536946327538
 0.34302747744558493
 0
 -0.34302747744558487
 -0.93932536946327538
 0
 -10.628723266498108
 -3.1564540724219907
 1
 0.43851516554565684
 0.89872378937383457
 0
 -0.89872378937383479
 0.43851516554565695
 0
 -10.977165938818676
 -2.0659955642853549
 1
 0.45094225668597038
 0.89255312510514706
 0
 -0.89255312510514706
 0.45094225668597043
 0
 -10.456435895904692
 -1.0678139564031131
 1
 0.39086802672075444
 0.92044673158603996
 0
 -0.92044673158603985
 0.39086802672075444
 0
 -10.438264709968704
 -0.92826436389272271
 1
 0.24640089105987031
 0.96916799415008648
 0
 -0.96916799415008659
 0.24640089105987026
 0
 -9.4825288649489128
 -1.3388050425228657
 1
 0.12842175816863671
 0.99171964386558153
 0
 -0.99171964386558165
 0.12842175816863674
 0
 -8.4937311207695547
 -1.6098553365916799
 1
 -0.039505500256258409
 0.99921935301989784
 0
 -0.99921935301989773
 -0.039505500256258409
 0
 -7.5394884499544554
 -1.8820560049772983
 1
 0.99953175167558261
 0.03059865017188234
 0
 -0.030598650171882347
 0.99953175167558261
 0
 -7.5160423714032767
 -1.9263836079768379
 1
 0.99611149390748643
 -0.088101598767537578
 0
 0.088101598767537592
 0.9961114939074861
 0
 -7.3159489500395161
 -0.94857807202867539
 1
 0.97324600811870965
 -0.22976554937804966
 0
 0.2297655493780496
 0.97324600811870954
 0
 -7.0445888045229497
 -0.028318332740420036
 1
 0.92547093108252765
 -0.37881863169759605
 0
 0.37881863169759611
 0.92547093108252776
 0
 -6.8169126830917968
 0.94667725343796361
 1
 0.47168353710109567
 0.88176790644012415
 0
 -0.88176790644012404
 0.47168353710109556
 0
 -6.5591652874424415
 1.8465874071266113
 1
 0.35859061457160601
 0.93349492293271608
 0
 -0.9334949229327163
 0.35859061457160596
 0
 -6.5639396028729049
 1.9324532384212678
 1
 0.22417433677841236
 0.9745490581443087
 0
 -0.97454905814430892
 0.22417433677841242
 0
 -7.4335650487563125
 2.1995668220969282
 1
 0.088210604377622265
 0.99610184683863245
 0
 -0.99610184683863234
 0.088210604377622251
 0
 -7.5201412507859473
 2.1260138476605102
 1
 -0.026775230505118638
 0.99964147924713365
 0
 -0.99964147924713354
 -0.026775230505118611
 0
 -7.5322122011115109
 2.1683073725459798
 1
 -0.9991939862203838
 -0.040141971812801019
 0
 0.040141971812801019
 -0.99919398622038369
 0
 -6.6245998390479297
 1.9008717182316663
 1
 -0.99919904398500325
 0.040015878091773968
 0
 -0.040015878091773961
 -0.99919904398500325
 0
 -5.6155498464454086
 1.6623089343034103
 1
 -0.086300489869559238
 -0.99626915311489717
 0
 0.99626915311489728
 -0.086300489869559294
 0
 -4.6143391705578036
 1.4295583547475954
 1
 0.9901710012979057
 -0.13986203269187533
 0
 0.13986203269187533
 0.99017100129790547
 0
 -3.7023713441540931
 1.204672292035692
 1
 0.99379929101677267
 -0.11118888961834307
 0
 0.11118888961834313
 0.99379929101677278
 0
 -2.709168896539675
 0.9666648980882494
 1
 0.988627853731463
 -0.15038273446882772
 0
 0.15038273446882772
 0.98862785373146267
 0
 -1.7558994134921861
 0.73756908182436443
 1
 0.98213859819376426
 -0.18815890608203487
 0
 0.18815890608203481
 0.98213859819376415
 0
 -0.79282407553327694
 0.51641489966143095
 1
 0.96666089712535785
 -0.25605997338279568
 0
 0.25605997338279568
 0.96666089712535797
 0
 0.23819586270490167
 0.30566995609463016
 1
 0.9100787062739204
 -0.41443545744396387
 0
 0.41443545744396393
 0.9100787062739204
 0
 1.1589558884951818
 0.055341558266767489
 1
 0.92359955823707096
 -0.38335865194917301
 0
 0.38335865194917301
 0.92359955823707118
 0
 1.172812760015693
 0.13582249404856411
 1
 0.9773562159896777
 -0.21160063106318439
 0
 0.21160063106318441
 0.97735621598967792
 0
 1.150275743335611
 0.05717837135358475
 1
 0.91519754490343275
 -0.40300552577195414
 0
 0.40300552577195414
 0.91519754490343275
 0
 2.1603986110493811
 -0.1731754146497555
 1
 0.87224201199153273
 -0.48907450610000419
 0
 0.48907450610000419
 0.87224201199153262
 0
 3.1131475891223372
 -0.43652510673141548
 1
 0.63192948818854666
 0.77502588470177025
 0
 -0.77502588470177025
 0.63192948818854655
 0
 3.4504589954765192
 -0.71771563321802601
 1
 0.76225991194239284
 -0.64727106118347044
 0
 0.64727106118347022
 0.76225991194239295
 0
 4.3784623990926148
 -0.73634976620676673
 1
 0.83531131613798115
 -0.54977723227852371
 0
 0.54977723227852371
 0.83531131613798104
 0
 5.4190937121926135
 -0.77652879763190474
 1
 0.87740337751675523
 -0.47975338781731469
 0
 0.47975338781731464
 0.87740337751675535
 0
 6.3812382048948582
 -0.75477219854081423
 1
 0.9064819189452924
 -0.4222446336251775
 0
 0.42224463362517745
 0.90648191894529218
 0
 6.4948717637404574
 -0.77852233729802922
 1
 0.84411519848103245
 -0.53616185214292034
 0
 0.53616185214292034
 0.84411519848103267
 0
 6.4007108166591147
 -1.7974129733987221
 1
 0.88929624433775556
 -0.45733159721012329
 0
 0.45733159721012323
 0.88929624433775578
 0
 6.4120837102207728
 -1.794335484607916
 1
 0.9056842599173377
 -0.42395285273009281
 0
 0.42395285273009287
 0.90568425991733781
 0
 6.4633863393398299
 -1.7494319857981866
 1
 -0.44565172667844588
 -0.89520642228958569
 0
 0.8952064222895858
 -0.44565172667844583
 0
 6.3939499232816477
 -1.7947280458966237
 1
 -0.30495669310544438
 -0.95236621912486596
 0
 0.95236621912486596
 -0.30495669310544432
 0
 6.4487799120358336
 -1.7500665462437135
 1
 0.90968013596121122
 -0.41530958360913395
 0
 0.41530958360913384
 0.90968013596121133
 0
 6.3987569481195798
 -2.7820258964837916
 1
 -0.41883964296379916
 -0.90806021467849662
 0
 0.90806021467849662
 -0.41883964296379922
 0
 6.3993543665222132
 -2.7819576616948951
 1
 -0.91407041351968477
 0.40555551916840243
 0
 -0.40555551916840249
 -0.91407041351968477
 0
 6.3685857064346321
 -2.7179770086245187
 1
 -0.30464244756662101
 -0.95246678637137694
 0
 0.95246678637137683
 -0.30464244756662096
 0
 6.4667573635076803
 -1.8876288142392585
 1
 -0.034531903507445345
 -0.99940359597119321
 0
 0.99940359597119333
 -0.034531903507445366
 0
 6.4809245210083155
 -0.72845032893263317
 1
 0.99887639637562264
 -0.047391399680213123
 0
 0.04739139968021315
 0.99887639637562242
 0
 6.4546242224141963
 -0.79336481355996202
 1
 0.067821014057553974
 0.99769750428283888
 0
 -0.99769750428283865
 0.067821014057553961
 0
 6.4298976760188005
 -0.75682689020798444
 1
 0.21259598616098024
 0.97714018782784695
 0
 -0.97714018782784695
 0.21259598616098022
 0
 6.4730426802562855
 -0.75536225586105621
 1
 0.31246491769465112
 0.94992930011136889
 0
 -0.94992930011136878
 0.31246491769465118
 0
 7.4276832304182108
 -0.78369785702223593
 1
 -0.95019386506929115
 0.31165945964254305
 0
 -0.31165945964254299
 -0.95019386506929115
 0
 8.4320196954418698
 -0.81569187750811101
 1
 -0.3248013056183599
 -0.94578227508693014
 0
 0.9457822750869298
 -0.32480130561835985
 0
 9.4565162313597924
 -0.86497836457529731
 1
 0.94549400090136715
 -0.32563951581392142
 0
 0.32563951581392142
 0.94549400090136715
 0
 10.442447939658329
 -0.83713518400981834
 1
 0.94892950356636363
 -0.31548818878255147
 0
 0.31548818878255136
 0.94892950356636341
 0
 11.382310374270263
 -0.96409963498663664
 1
 0.95427159268296446
 -0.29894100989713379
 0
 0.29894100989713374
 0.95427159268296446
 0
 11.869936561935917
 -0.98805880787611078
 1
 0.91547537040949489
 -0.40237401279605245
 0
 0.4023740127960525
 0.915475370409495
 0
 10.256419296493803
 -2.112349088235387
 1
 0.9669333240566379
 -0.25502930582342953
 0
 0.25502930582342948
 0.96693332405663812
 0
 11.685664606498127
 -0.97427192141253494
 1
 0.97355459029987756
 -0.22845450248580593
 0
 0.22845450248580593
 0.97355459029987768
 0
 11.450965008306522
 -0.93440610385941425
 1
 0.98044049058623972
 -0.1968157626284367
 0
 0.19681576262843672
 0.98044049058623983
 0
 11.393697908580155
 -0.92833515371572772
 1
 -0.97279980349157957
 0.2316474526662092
 0
 -0.23164745266620917
 -0.97279980349157968
 0
 11.364344932350383
 -1.9302819645777975
 1
 -0.95120256708410877
 0.30856713430403038
 0
 -0.30856713430403032
 -0.95120256708410877
 0
 11.342782436878805
 -2.9059323029752617
 1
 -0.9266645924733673
 0.3758892563723642
 0
 -0.37588925637236409
 -0.92666459247336719
 0
 11.310696728041432
 -3.9322384890048117
 1
 -0.47572950987757923
 -0.87959162878669905
 0
 0.87959162878669928
 -0.47572950987757923
 0
 11.265073740480464
 -4.9388906637700813
 1
 -0.47730622710770126
 -0.87873702867479753
 0
 0.87873702867479753
 -0.4773062271077011
 0
 11.252101984710038
 -5.9639316543960446
 1
 -0.4690283954203246
 -0.88318308650553079
 0
 0.88318308650553068
 -0.4690283954203246
 0
 11.24908836883786
 -6.9710836733854613
 1
 -0.42960223486385724
 -0.90301822783373475
 0
 0.90301822783373487
 -0.42960223486385724
 0
 11.253547076131495
 -7.9257932924434309
 1
 -0.39690133583047277
 -0.91786128015947266
 0
 0.91786128015947288
 -0.39690133583047282
 0
 11.277052394164992
 -8.9800925367709752
 1
 -0.38146885108333956
 -0.92438169370296197
 0
 0.92438169370296186
 -0.3814688510833395
 0
 11.307021204763954
 -9.9215982932120479
 1
 -0.35874883472523739
 -0.93343412921495661
 0
 0.93343412921495661
 -0.35874883472523739
 0
 11.345569097899732
 -10.927279807022074
 1
 -0.34966129088676245
 -0.93687618267058248
 0
 0.93687618267058281
 -0.34966129088676245
 0
 11.351245628433238
 -12.02987643469239
 1
 -0.32102048767063207
 -0.94707224988155458
 0
 0.94707224988155458
 -0.32102048767063224
 0
 11.38675463506153
 -12.998851770009871
 1
 -0.28723765181872063
 -0.95785934843152576
 0
 0.95785934843152598
 -0.28723765181872063
 0
 11.323148619239488
 -12.99293615070947
 1
 -0.27205340987118531
 -0.9622821531013972
 0
 0.9622821531013972
 -0.27205340987118554
 0
 10.404913902704816
 -13.020446707147395
 1
 -0.27190896272072668
 -0.96232297904193165
 0
 0.96232297904193165
 -0.2719089627207269
 0
 9.3846501345942244
 -13.014903452433941
 1
 -0.25916656484716533
 -0.96583264164415172
 0
 0.96583264164415139
 -0.25916656484716527
 0
 8.368734132697325
 -13.05633887648697
 1
 -0.97220460089489968
 0.23413289815570343
 0
 -0.2341328981557034
 -0.9722046008948998
 0
 8.3657541031282854
 -13.042206360362862
 1
 -0.98092889316253373
 0.19436693792650572
 0
 -0.19436693792650572
 -0.98092889316253373
 0
 8.3710263402781475
 -13.044305718797633
 1
 -0.98066462654734354
 0.19569591267770423
 0
 -0.19569591267770423
 -0.98066462654734332
 0
 7.37198623714725
 -12.983440731958227
 1
 -0.97548869700778862
 0.22004954444407937
 0
 -0.2200495444440794
 -0.97548869700778851
 0
 6.4869720515059344
 -12.954190288554495
 1
 -0.25678925405989245
 -0.96646742262704544
 0
 0.96646742262704521
 -0.25678925405989245
 0
 5.5193539890587617
 -12.678613544148728
 1
 -0.99803838504950138
 0.062604967596691652
 0
 -0.06260496759669168
 -0.9980383850495016
 0
 8.2678629187603043
 -11.477581438199081
 1
 -0.99997332534973737
 -0.0073040118420360919
 0
 0.0073040118420361014
 -0.9999733253497376
 0
 8.0404049486533502
 -11.134027054875141
 1
 -0.99592211120461127
 0.090217229029437837
 0
 -0.090217229029437823
 -0.99592211120461138
 0
 5.5518458101861752
 -10.836830198859793
 1
 -0.9998936841349475
 0.01458150976552389
 0
 -0.014581509765523911
 -0.9998936841349475
 0
 5.4401491490613925
 -10.000665561188056
 1
 0.031464323399342874
 0.99950487560242629
 0
 -0.99950487560242596
 0.031464323399342832
 0
 5.4451568745068633
 -9.946254915042843
 1
 0.017637393943251822
 0.99984444906939896
 0
 -0.99984444906939907
 0.017637393943251811
 0
 6.2960956757137874
 -9.9645303423559817
 1
 -0.038388773265950325
 0.99926287937015634
 0
 -0.99926287937015634
 -0.038388773265950325
 0
 7.2476391150080177
 -9.9055046229152328
 1
 -0.023386407936808525
 0.99972650056093504
 0
 -0.99972650056093504
 -0.023386407936808521
 0
 7.2640775923825016
 -9.8498434327826008
 1
 0.99780801084011428
 0.066175323975739567
 0
 -0.066175323975739581
 0.99780801084011417
 0
 7.3079213479076017
 -8.8650670595887586
 1
 0.99992807436225128
 -0.011993585877491608
 0
 0.011993585877491606
 0.99992807436225095
 0
 7.2522606180202951
 -8.9086290081688055
 1
 0.99764496865780194
 -0.0685894781418626
 0
 0.068589478141862559
 0.99764496865780217
 0
 7.2614626661457846
 -8.8798170448829925
 1
 -0.0063368023760599782
 0.99997992226626542
 0
 -0.99997992226626575
 -0.0063368023760599947
 0
 7.2468360911656626
 -7.8347267768706885
 1
 -0.013875212530764772
 0.99990373460509996
 0
 -0.99990373460510007
 -0.013875212530764774
 0
 7.2272447920534919
 -6.8336594401406536
 1
 0.99633122549904474
 0.085580892117178176
 0
 -0.085580892117178176
 0.99633122549904451
 0
 7.2486489720428811
 -5.8226262614490123
 1
 -0.16062104474851208
 0.98701614980905772
 0
 -0.98701614980905761
 -0.16062104474851205
 0
 7.3116121978421358
 -4.9176683547249214
 1
 -0.13280250558601214
 0.99114251977708889
 0
 -0.99114251977708889
 -0.13280250558601212
 0
 7.2790920122320122
 -4.7992600997834414
 1
 -0.00082734967381559383
 0.99999965774620003
 0
 -0.99999965774620014
 -0.00082734967381558862
 0
 6.2241111408485681
 -4.7862963787958988
 1
 0.051751645812221685
 0.9986599857587799
 0
 -0.99865998575878023
 0.051751645812221699
 0
 6.2612471783854318
 -4.8345664950789509
 1
 0.23927717739328747
 0.97095130278438846
 0
 -0.97095130278438824
 0.23927717739328752
 0
 6.2023931508133163
 -5.8363895502391898
 1
 -0.94849969203603368
 0.31677805196627767
 0
 -0.31677805196627767
 -0.94849969203603357
 0
 6.1536289860472131
 -6.6498987163468097
 1
 -0.9476544334286815
 0.31929778389923957
 0
 -0.31929778389923957
 -0.94765443342868116
 0
 6.1110537144161805
 -6.757823272231569
 1
 -0.44103346812415711
 -0.89749065732985678
 0
 0.89749065732985678
 -0.44103346812415711
 0
 5.0844522360358697
 -6.6959029627087689
 1
 -0.43064301325038029
 -0.90252235160057548
 0
 0.90252235160057526
 -0.43064301325038029
 0
 4.0370660138744245
 -6.5219298283013503
 1
 -0.41075068785193325
 -0.91174770217926204
 0
 0.9117477021792616
 -0.41075068785193314
 0
 2.8197968124022643
 -6.4588492479757917
 1
 -0.87598812037473817
 0.48233267872116314
 0
 -0.48233267872116331
 -0.8759881203747385
 0
 1.8731173794868123
 -6.2292749313509725
 1
 -0.84573609600227173
 0.53360140172120663
 0
 -0.53360140172120663
 -0.84573609600227184
 0
 0.80767867030141249
 -6.0576166554362434
 1
 -0.8320439466609173
 0.55470971762258203
 0
 -0.55470971762258192
 -0.83204394666091719
 0
 -0.13916456841601255
 -5.7907244664469273
 1
 -0.80188607361656183
 0.5974769660328455
 0
 -0.5974769660328455
 -0.80188607361656217
 0
 -1.1367560621200519
 -5.5681066326436612
 1
 -0.86534822747233442
 0.50117107379665105
 0
 -0.50117107379665105
 -0.86534822747233464
 0
 -1.1420881099187381
 -5.5459902852348693
 1
 -0.91926668918898669
 0.3936353060226167
 0
 -0.39363530602261676
 -0.9192666891889868
 0
 -0.88221044178502539
 -4.603066610723574
 1
 -0.95541473040064495
 0.29526715518909818
 0
 -0.29526715518909818
 -0.95541473040064484
 0
 -0.91386659238715717
 -4.6073524329268727
 1
 -0.98229895527040745
 0.18731994681471076
 0
 -0.18731994681471084
 -0.98229895527040745
 0
 -0.89299856259662702
 -4.5986443642723698
 1
 0.20188638764664768
 0.97940894752038477
 0
 -0.97940894752038477
 0.20188638764664774
 0
 -0.69765581223214734
 -3.6717616760188139
 1
 0.1785869970818672
 0.98392412536398399
 0
 -0.98392412536398399
 0.17858699708186726
 0
 -0.4490636145887611
 -2.6271727037936463
 1
 -0.98653342340032024
 0.16355978880533004
 0
 -0.16355978880533001
 -0.98653342340032046
 0
 -0.23245529404749948
 -1.6164399906740943
 1
 0.14141063469144435
 0.98995102525133161
 0
 -0.9899510252513315
 0.14141063469144435
 0
 -0.034870254680177987
 -0.7237623133452421
 1
 -0.067510339278576095
 0.99771857459430491
 0
 -0.99771857459430491
 -0.067510339278576123
 0
 0.27894705334979208
 0.36252196599785264
 1
 -0.2595841637343565
 0.96572048851535452
 0
 -0.96572048851535464
 -0.25958416373435655
 0
 0.16178253561546646
 0.2887571345700472
 1
 -0.51565670272009145
 0.85679528765034818
 0
 -0.8567952876503484
 -0.51565670272009156
 0
 -0.74766629203148915
 0.51074426772916914
 1
 -0.36986424459075423
 0.92908580904742644
 0
 -0.92908580904742655
 -0.36986424459075429
 0
 -1.7187467953782654
 0.73880164833630024
 1
 -0.39288642073278962
 0.91958700534738824
 0
 -0.91958700534738802
 -0.39288642073278968
 0
 -1.7299128660259315
 0.75648442909236224
 1
 -0.84281582466660399
 -0.5382020862943141
 0
 0.53820208629431432
 -0.84281582466660399
 0
 -1.9352845640709715
 -0.21820142986882624
 1
 -0.90243994855448784
 -0.43081566737175758
 0
 0.43081566737175747
 -0.90243994855448817
 0
 -2.2121330739493166
 -1.2191266963414262
 1
 -0.96471377784002932
 -0.26330082955740708
 0
 0.26330082955740708
 -0.96471377784002932
 0
 -2.194186611368607
 -1.1974214519051247
 1
 0.40181582560421297
 -0.91572050446301834
 0
 0.91572050446301845
 0.40181582560421292
 0
 -1.1763497506494254
 -1.4548232389255562
 1
 0.12284531296341426
 -0.99242583051980315
 0
 0.99242583051980326
 0.12284531296341422
 0
 -0.19880425591452736
 -1.6916111513593937
 1
 0.10159581186408709
 -0.99482575912150417
 0
 0.99482575912150417
 0.10159581186408707
 0
 0.79563358914066162
 -1.8712168156693527
 1
 0.9553579435501377
 0.29545084141977374
 0
 -0.29545084141977357
 0.95535794355013759
 0
 1.5843880854365415
 -2.190092156778201
 1
 0.97809749878652819
 0.20814726245506335
 0
 -0.20814726245506332
 0.9780974987865283
 0
 2.486908073899516
 -2.4178354354341343
 1
 0.9982737451729583
 0.058732697012442762
 0
 -0.058732697012442769
 0.99827374517295842
 0
 3.4178482817910276
 -2.5231135181744788
 1
 0.99925723737436745
 -0.038535354610375189
 0
 0.038535354610375196
 0.99925723737436745
 0
 4.4085861085115718
 -2.710028570966446
 1
 0.98480071983141371
 -0.17368806009489904
 0
 0.17368806009489898
 0.9848007198314136
 0
 4.5605990574825395
 -2.715451891049542
 1
 0.92266626358576553
 -0.38559948916029768
 0
 0.38559948916029757
 0.92266626358576553
 0
 4.3818699390563101
 -3.7640260485329269
 1
 0.85933204031682731
 -0.51141807211411539
 0
 0.51141807211411527
 0.85933204031682753
 0
 4.3000672421187796
 -4.6845149694368367
 1
 0.88732150364443518
 -0.46115133001020253
 0
 0.46115133001020242
 0.88732150364443518
 0
 4.7802915196537148
 -4.980473078345713
 1
 -0.43337502797207467
 -0.90121367340392877
 0
 0.90121367340392855
 -0.43337502797207472
 0
 4.6461902669179018
 -4.6747614944402143
 1
 -0.36275263553248016
 -0.93188546797030769
 0
 0.93188546797030769
 -0.36275263553248016
 0
 3.9801149723748286
 -5.1401822801931782
 1
 -0.34461022538634095
 -0.93874586154037221
 0
 0.93874586154037198
 -0.3446102253863409
 0
 3.4665733554243268
 -5.7010937686231351
 1


# name: XL
# type: matrix
# rows: 2
# columns: 61
 13.351531671019472 -5.0431145998630011 -4.6086148853868325 10.771816985641605 8.229793249186681 -1.0713234318599072 -10.74861950122126 8.1831496542783473 10.476551550103167 0.1900884870443775 -11.309775253156655 -2.7035943500776614 5.2306526807643845 5.3513843212907508 8.5619430693588949 12.566493500500576 -1.508743329087336 13.907002878352277 -4.7798383028257438 3.1098900600389854 5.2883804277055191 -2.524617303055948 -7.9185422571959201 -3.5799272677223377 1.9935576992780117 13.284130196179524 -3.6357732873320132 6.1811838520042484 12.227624523649958 10.393130707833496 -10.981816289382007 -4.228451410165639 0.73764923270948246 -0.0047892693776198222 1.2135552509350249 10.143850163877209 7.8547131248850066 6.9031724981383311 13.851720919873999 0.80371013304285044 -10.767886665348875 -6.615980481058747 -7.3405982998232018 -6.7258209102984665 10.918545927278744 -10.388396488440559 10.577530519764926 -6.4141939489119313 -7.8759582880857142 11.836632299478616 7.0913092492021264 1.7666364724788313 -5.615691924252145 -9.0892993540947504 -0.7543476075331681 5.7741989710042319 -6.0700278161254095 4.4059853062866843 -2.2706153923211323 11.72764909780258 7.0687096030476528
 -9.2807926278853312 3.0267084019569666 -0.83601643216502897 -0.6270672970231892 -5.0257537673153836 -1.8397503413100262 -2.9644361425601682 -6.3764529900925666 -11.483043087422532 5.2869348722436316 -5.3105757543723815 -0.29596370233684266 -15.621277835703328 3.4637445721731841 -15.520131078941453 -3.5564334217173346 3.1968851791344206 -5.9809569268814631 -1.8659482904497386 -0.83010732238282181 -4.1413652904378928 2.8469045450830555 3.2310628952053393 -3.3367489202157263 -4.6253190521631478 -11.295851939070273 -2.2931087211493857 -4.1160448110272458 -2.8194236898262961 2.7638940281144424 2.3778292229997469 2.2804494780641451 2.0046431829908475 -0.84743927586898748 -1.5483622049682639 2.309043938081933 2.0356174171328196 -12.050035901806099 -13.071189676048464 -1.7559890409365824 -6.3717002918079952 -2.1851865602864433 -11.160098761184493 3.3232137443374565 -5.6583934350405816 -9.2743706381145596 -9.6605457998671902 1.6977066046905431 2.053608706522204 3.7838467004248986 -2.7038116052628078 -10.013215016541176 -1.2632402893112118 -8.3571439848376254 -3.2437532703499583 -7.2030619062356989 -1.750841511154029 -4.323400257774658 -5.1187183928042588 -1.2953138249245755 -12.772568736532639


# name: chi_stats
# type: matrix
# rows: 1
# columns: 10
 292.96626258997458 246.08505010125279 195.92233946578204 152.04908062973004 118.27111636461328 89.562830762416397 67.26858507304631 47.27391451369153 29.964239810383194 19.468035348343374


# name: num_inliers
# type: matrix
# rows: 1
# columns: 10
 614 883 1142 1330 1481 1618 1704 1795 1861 1889


# name: e_record
# type: matrix
# rows: 10
# columns: 300
 0 0 0 0 0 0 0 0 0 0 0 0 0 0 0 0 0 0 0 0 0 0 0 0 0 0 0 0 0 0 0 0 0 0 0 0 0 0 0 0 0 0 0 0 0 0 0 0 0 0 0 0 0 0 0 0 0 0 0 0 0 0 0 0 0 0 0 0 0 0 0 0 0 0 0 0 0 0 0 0 0 0 0 0 0 0 0 0 0 0 0 0 0 0 0 0 0 0 0 0 0 0 0 0 0 0 0 0 0 0 0 0 0 0 0 0 0 0 0 0 0 0 0 0 0 0 0 0 0 0 0 0 0 0 0 0 0 0 0 0 0 0 0 0 0 0 0 0 0 0 0 0 0 0 0 0 0 0 0 0 0 0 0 0 0 0 0 0 0 0 0 0 0 0 0 0 0 0 0 0 0 0 0 0 0 0 0 0 0 0 0 0 0 0 0 0 0 0 0 0 0 0 0 0 0 0 0 0 0 0 0 0 0 0 0 0 0 0 0 0 0 0 0 0 0 0 0 0 0 0 0 0 0 0 0 0 0 0 0 0 0 0 0 0 0 0 0 0 0 0 0 0 0 0 0 0 0 0 0 0 0 0 0 0 0 0 0 0 0 0 0 0 0 0 0 0 0 0 0 0 0 0 0 0 0 0 0 0 0 0 0 0 0 0 0 0 0 0 0 0
 0 0 0 0 0 0 0 0 0 0 0 0 0 0 0 0 0 0 0 0 0 0 0 0 0 0 0 0 0 0 0 0 0 0 0 0 0 0 0 0 0 0 0 0 0 0 0 0 0 0 0 0 0 0 0 0 0 0 0 0 0 0 0 0 0 0 0 0 0 0 0 0 0 0 0 0 0 0 0 0 0 0 0 0 0 0 0 0 0 0 0 0 0 0 0 0 0 0 0 0 0 0 0 0 0 0 0 0 0 0 0 0 0 0 0 0 0 0 0 0 0 0 0 0 0 0 0 0 0 0 0 0 0 0 0 0 0 0 0 0 0 0 0 0 0 0 0 0 0 0 0 0 0 0 0 0 0 0 0 0 0 0 0 0 0 0 0 0 0 0 0 0 0 0 0 0 0 0 0 0 0 0 0 0 0 0 0 0 0 0 0 0 0 0 0 0 0 0 0 0 0 0 0 0 0 0 0 0 0 0 0 0 0 0 0 0 0 0 0 0 0 0 0 0 0 0 0 0 0 0 0 0 0 0 0 0 0 0 0 0 0 0 0 0 0 0 0 0 0 0 0 0 0 0 0 0 0 0 0 0 0 0 0 0 0 0 0 0 0 0 0 0 0 0 0 0 0 0 0 0 0 0 0 0 0 0 0 0 0 0 0 0 0 0 0 0 0 0 0 0
 0 0 0 0 0 0 0 0 0 0 0 0 0 0 0 0 0 0 0 0 0 0 0 0 0 0 0 0 0 0 0 0 0 0 0 0 0 0 0 0 0 0 0 0 0 0 0 0 0 0 0 0 0 0 0 0 0 0 0 0 0 0 0 0 0 0 0 0 0 0 0 0 0 0 0 0 0 0 0 0 0 0 0 0 0 0 0 0 0 0 0 0 0 0 0 0 0 0 0 0 0 0 0 0 0 0 0 0 0 0 0 0 0 0 0 0 0 0 0 0 0 0 0 0 0 0 0 0 0 0 0 0 0 0 0 0 0 0 0 0 0 0 0 0 0 0 0 0 0 0 0 0 0 0 0 0 0 0 0 0 0 0 0 0 0 0 0 0 0 0 0 0 0 0 0 0 0 0 0 0 0 0 0 0 0 0 0 0 0 0 0 0 0 0 0 0 0 0 0 0 0 0 0 0 0 0 0 0 0 0 0 0 0 0 0 0 0 0 0 0 0 0 0 0 0 0 0 0 0 0 0 0 0 0 0 0 0 0 0 0 0 0 0 0 0 0 0 0 0 0 0 0 0 0 0 0 0 0 0 0 0 0 0 0 0 0 0 0 0 0 0 0 0 0 0 0 0 0 0 0 0 0 0 0 0 0 0 0 0 0 0 0 0 0 0 0 0 0 0 0
 0 0 0 0 0 0 0 0 0 0 0 0 0 0 0 0 0 0 0 0 0 0 0 0 0 0 0 0 0 0 0 0 0 0 0 0 0 0 0 0 0 0 0 0 0 0 0 0 0 0 0 0 0 0 0 0 0 0 0 0 0 0 0 0 0 0 0 0 0 0 0 0 0 0 0 0 0 0 0 0 0 0 0 0 0 0 0 0 0 0 0 0 0 0 0 0 0 0 0 0 0 0 0 0 0 0 0 0 0 0 0 0 0 0 0 0 0 0 0 0 0 0 0 0 0 0 0 0 0 0 0 0 0 0 0 0 0 0 0 0 0 0 0 0 0 0 0 0 0 0 0 0 0 0 0 0 0 0 0 0 0 0 0 0 0 0 0 0 0 0 0 0 0 0 0 0 0 0 0 0 0 0 0 0 0 0 0 0 0 0 0 0 0 0 0 0 0 0 0 0 0 0 0 0 0 0 0 0 0 0 0 0 0 0 0 0 0 0 0 0 0 0 0 0 0 0 0 0 0 0 0 0 0 0 0 0 0 0 0 0 0 0 0 0 0 0 0 0 0 0 0 0 0 0 0 0 0 0 0 0 0 0 0 0 0 0 0 0 0 0 0 0 0 0 0 0 0 0 0 0 0 0 0 0 0 0 0 0 0 0 0 0 0 0 0 0 0 0 0 0
 0 0 0 0 0 0 0 0 0 0 0 0 0 0 0 0 0 0 0 0 0 0 0 0 0 0 0 0 0 0 0 0 0 0 0 0 0 0 0 0 0 0 0 0 0 0 0 0 0 0 0 0 0 0 0 0 0 0 0 0 0 0 0 0 0 0 0 0 0 0 0 0 0 0 0 0 0 0 0 0 0 0 0 0 0 0 0 0 0 0 0 0 0 0 0 0 0 0 0 0 0 0 0 0 0 0 0 0 0 0 0 0 0 0 0 0 0 0 0 0 0 0 0 0 0 0 0 0 0 0 0 0 0 0 0 0 0 0 0 0 0 0 0 0 0 0 0 0 0 0 0 0 0 0 0 0 0 0 0 0 0 0 0 0 0 0 0 0 0 0 0 0 0 0 0 0 0 0 0 0 0 0 0 0 0 0 0 0 0 0 0 0 0 0 0 0 0 0 0 0 0 0 0 0 0 0 0 0 0 0 0 0 0 0 0 0 0 0 0 0 0 0 0 0 0 0 0 0 0 0 0 0 0 0 0 0 0 0 0 0 0 0 0 0 0 0 0 0 0 0 0 0 0 0 0 0 0 0 0 0 0 0 0 0 0 0 0 0 0 0 0 0 0 0 0 0 0 0 0 0 0 0 0 0 0 0 0 0 0 0 0 0 0 0 0 0 0 0 0 0
 0 0 0 0 0 0 0 0 0 0 0 0 0 0 0 0 0 0 0 0 0 0 0 0 0 0 0 0 0 0 0 0 0 0 0 0 0 0 0 0 0 0 0 0 0 0 0 0 0 0 0 0 0 0 0 0 0 0 0 0 0 0 0 0 0 0 0 0 0 0 0 0 0 0 0 0 0 0 0 0 0 0 0 0 0 0 0 0 0 0 0 0 0 0 0 0 0 0 0 0 0 0 0 0 0 0 0 0 0 0 0 0 0 0 0 0 0 0 0 0 0 0 0 0 0 0 0 0 0 0 0 0 0 0 0 0 0 0 0 0 0 0 0 0 0 0 0 0 0 0 0 0 0 0 0 0 0 0 0 0 0 0 0 0 0 0 0 0 0 0 0 0 0 0 0 0 0 0 0 0 0 0 0 0 0 0 0 0 0 0 0 0 0 0 0 0 0 0 0 0 0 0 0 0 0 0 0 0 0 0 0 0 0 0 0 0 0 0 0 0 0 0 0 0 0 0 0 0 0 0 0 0 0 0 0 0 0 0 0 0 0 0 0 0 0 0 0 0 0 0 0 0 0 0 0 0 0 0 0 0 0 0 0 0 0 0 0 0 0 0 0 0 0 0 0 0 0 0 0 0 0 0 0 0 0 0 0 0 0 0 0 0 0 0 0 0 0 0 0 0
 0 0 0 0 0 0 0 0 0 0 0 0 0 0 0 0 0 0 0 0 0 0 0 0 0 0 0 0 0 0 0 0 0 0 0 0 0 0 0 0 0 0 0 0 0 0 0 0 0 0 0 0 0 0 0 0 0 0 0 0 0 0 0 0 0 0 0 0 0 0 0 0 0 0 0 0 0 0 0 0 0 0 0 0 0 0 0 0 0 0 0 0 0 0 0 0 0 0 0 0 0 0 0 0 0 0 0 0 0 0 0 0 0 0 0 0 0 0 0 0 0 0 0 0 0 0 0 0 0 0 0 0 0 0 0 0 0 0 0 0 0 0 0 0 0 0 0 0 0 0 0 0 0 0 0 0 0 0 0 0 0 0 0 0 0 0 0 0 0 0 0 0 0 0 0 0 0 0 0 0 0 0 0 0 0 0 0 0 0 0 0 0 0 0 0 0 0 0 0 0 0 0 0 0 0 0 0 0 0 0 0 0 0 0 0 0 0 0 0 0 0 0 0 0 0 0 0 0 0 0 0 0 0 0 0 0 0 0 0 0 0 0 0 0 0 0 0 0 0 0 0 0 0 0 0 0 0 0 0 0 0 0 0 0 0 0 0 0 0 0 0 0 0 0 0 0 0 0 0 0 0 0 0 0 0 0 0 0 0 0 0 0 0 0 0 0 0 0 0 0
 0 0 0 0 0 0 0 0 0 0 0 0 0 0 0 0 0 0 0 0 0 0 0 0 0 0 0 0 0 0 0 0 0 0 0 0 0 0 0 0 0 0 0 0 0 0 0 0 0 0 0 0 0 0 0 0 0 0 0 0 0 0 0 0 0 0 0 0 0 0 0 0 0 0 0 0 0 0 0 0 0 0 0 0 0 0 0 0 0 0 0 0 0 0 0 0 0 0 0 0 0 0 0 0 0 0 0 0 0 0 0 0 0 0 0 0 0 0 0 0 0 0 0 0 0 0 0 0 0 0 0 0 0 0 0 0 0 0 0 0 0 0 0 0 0 0 0 0 0 0 0 0 0 0 0 0 0 0 0 0 0 0 0 0 0 0 0 0 0 0 0 0 0 0 0 0 0 0 0 0 0 0 0 0 0 0 0 0 0 0 0 0 0 0 0 0 0 0 0 0 0 0 0 0 0 0 0 0 0 0 0 0 0 0 0 0 0 0 0 0 0 0 0 0 0 0 0 0 0 0 0 0 0 0 0 0 0 0 0 0 0 0 0 0 0 0 0 0 0 0 0 0 0 0 0 0 0 0 0 0 0 0 0 0 0 0 0 0 0 0 0 0 0 0 0 0 0 0 0 0 0 0 0 0 0 0 0 0 0 0 0 0 0 0 0 0 0 0 0 0
 0 0 0 0 0 0 0 0 0 0 0 0 0 0 0 0 0 0 0 0 0 0 0 0 0 0 0 0 0 0 0 0 0 0 0 0 0 0 0 0 0 0 0 0 0 0 0 0 0 0 0 0 0 0 0 0 0 0 0 0 0 0 0 0 0 0 0 0 0 0 0 0 0 0 0 0 0 0 0 0 0 0 0 0 0 0 0 0 0 0 0 0 0 0 0 0 0 0 0 0 0 0 0 0 0 0 0 0 0 0 0 0 0 0 0 0 0 0 0 0 0 0 0 0 0 0 0 0 0 0 0 0 0 0 0 0 0 0 0 0 0 0 0 0 0 0 0 0 0 0 0 0 0 0 0 0 0 0 0 0 0 0 0 0 0 0 0 0 0 0 0 0 0 0 0 0 0 0 0 0 0 0 0 0 0 0 0 0 0 0 0 0 0 0 0 0 0 0 0 0 0 0 0 0 0 0 0 0 0 0 0 0 0 0 0 0 0 0 0 0 0 0 0 0 0 0 0 0 0 0 0 0 0 0 0 0 0 0 0 0 0 0 0 0 0 0 0 0 0 0 0 0 0 0 0 0 0 0 0 0 0 0 0 0 0 0 0 0 0 0 0 0 0 0 0 0 0 0 0 0 0 0 0 0 0 0 0 0 0 0 0 0 0 0 0 0 0 0 0 0
 0.00094822797368716264 0.78343523775210289 0.75879845692908943 1.0900373198339042 0.095375858364234442 0.014670154874015379 0.0039273461366863688 0.031941583939204723 0.036054261146537536 1.7869018005325572 2.1112017026666012 0.18554840577750215 0.56608466940530711 0.69691554548462842 0.01041171109439209 0.1047217425246687 0.38098417140949159 0.56182835866314806 0.29894343020068431 0.45057266555295961 0.53793771702207938 0.016620810326883253 0.053456932836719262 0.15326190803952894 0.035381231477773931 0.24182369183854635 0.11292348540215634 0.068397225212188648 0.1321359524050881 1.8631529970712659 1.9636821465770475 0.11670534911671218 0.055132369118860096 0.019320453413759462 1.4997466406569993 1.565755276038987 1.4869082864525762 0.017934334593393744 0.21336452054341767 0.40719649403257452 1.929038729910928 1.8982922272889273 1.8318101239171722 1.8116295788971539 0.10829699357373286 1.939603559655855 1.7167045745578478 1.7262318678205759 1.4632127101715524 1.3030112882939058 1.469161633150651 1.7052056094950072 1.574694869666468 1.664303701688858 1.7342321390263942 1.8046424615626577 0.12557570973776858 1.0234279055429496 1.1747653393376807 0.030786770358299381 1.9230493669223683 0.070103814076784232 0.0353449003742701 0.67463964612962335 0.73114438714018182 0.68167357402230955 0.019716414542482883 1.1212324622342744 1.1945229862114222 0.010608904803810368 1.6321902997702149 1.7994157862693412 1.9033895997772816 1.8513224376732975 0.20012443348456282 0.078847599383996894 2.1109261780575292 1.8417813852042941 0.046776414377402091 0.0058785452263782657 0.2960421590307164 1.8760496845053158 1.8730822509564482 0.050798999507539237 1.9675964184893087 0.071572195107359085 0.53176292890866106 0.10415054008057162 2.026156194323971 1.9408820825805682 0.037136167906855151 0.21414607567673596 1.56211667182379 1.5288557873309867 0.055441355752333901 2.0719890394123919 1.7655343775910792 1.7122836662562384 1.7693542830850413 0.12476588814796669 1.9062298555127088 1.9977993514313794 1.9135084981621753 1.9958981070630442 2.0826802886155917 1.8622618398070079 0.24766159928853684 0.1118510811627345 0.11691557040765115 0.14449844115245436 0.01344278120503033 0.039244273489843849 2.1492539884698103 1.9900062459132004 2.0748926710976163 2.0554447183947713 2.0650574898894245 2.0414108039319321 1.7921200265956694 1.9983459514081467 1.991554693854181 1.9861931193108477 0.22988229670342394 1.2191731128032033 1.2932220780852273 1.1664103629202263 1.2639657466536962 1.1911110673828074 1.3469940021132183 0.1153455147667039 0.2090246553484808 0.25049833219047379 0.18293537930010204 0.16488261017493974 0.15976582470863729 0.10114529672977011 0.084738240220223915 0.29484853166669134 0.0094433739034111754 0.037449853462516128 1.8618304807827344 1.8901996363759519 1.963017243393629 0.086844584775316244 1.5789344282477653 1.5022836502069994 1.5656758047475059 1.6345619516474454 1.5600497590283231 0.12329533043918772 1.9126933248512592 1.8910579257888442 1.9219726674320363 0.12854673181076065 1.1363806452411291 1.1461647027259869 0.019537866612250272 1.9068865146188161 1.9763633152260116 2.0977587661547106 1.8263793495634324 1.8879436978654607 1.9320780566606337 2.0133513418733791 1.9043696849540741 0.19329808215525096 1.0224165597526798 0.95607466650514661 1.1364218599863263 1.18075243692497 1.4092552457188154 0.03084202820620225 0.026522048594193194 0.08948180089457522 0.23203766197325232 0.027961409258576288 1.0252724699313782 1.1231984421990406 1.2566211631673732 1.4063272249346845 0.018931259394774833 2.0451447507339511 0.05786404299940956 0.05942407231090905 0.12083678612338966 0.11836486463292152 0.13809914517876187 0.18017755140611691 0.26151410359662663 0.40353688580286834 0.38253066047212814 0.20572637721489423 0.39552269112764182 0.028685649644952502 0.017560488953191726 0.71076707205042644 0.53513369536115973 0.49252754209923533 0.44567837974180519 0.56591276982400573 0.46411035064664335 0.017976400632412765 1.7445799041506758 0.17471892717692797 0.0024888562094674224 0.071106620763313505 0.1724195855105729 1.6439421073415783 0.077743852403549682 0.0010417893982523207 1.4150124199102863 1.2523527289126557 0.097885072085365801 0.063319215442528554 0.046042792255646565 0.32415673889955371 0.30441080440308244 0.29711867983752871 0.36176246627951009 0.24384926351716996 0.23320018208472673 0.18604166886993109 2.0250228984401271 1.84916969021507 0.1564385484930079 1.8044449596451795 1.7163728887526739 1.6346777516361655 1.780285255797099 1.6918187519357977 1.7146812277211676 1.6901068055508828 1.5817563959243224 1.6772454096046225 1.7433500018579902 1.5094672687135393 1.4886256615363667 0.10507778794882189 1.9876203274754871 1.9895911899692886 1.808581285411027 0.093435228097226791 0.038323676671851277 1.9942865631226587 1.8696253588832437 1.9860463321445596 0.14780566868290834 1.3852982215021465 1.420113733579222 1.3755812681192281 0.058383614551424483 0.061243977220729898 0.011171381982320643 0.0012314495986287316 1.5015017108330264 0.067844785334893534 0.0015337879149913923 1.5571111000621058 1.5071100971291749 1.3503731861477566 1.417292120874371 0.021891716890338798 1.8768072117736734 0.0097263099474301177 1.6800259350634805 1.7359388878397479 0.047873755758520958 1.9708994808482561 2.0850770837424735 1.8471526385198536 1.8517067538452083 2.0685153493546555 1.9420162710423268 1.8852134458068963 0.13570606201628965 1.2318652631983893 0.087499298751421997 0.092427303240834632 1.2761511607349849 1.3534518271341023 1.519745954924985 1.7185447324783412 1.6510049793055033 0.0087411758288361563 1.9428282416243108 1.8566331044030924 0.096198752361311146 1.1839976916058002 1.3344211433526671 0.069061618217791665 0.3091434290099479 0.22148779680018874 0.083459025187673216 0.0309542714458216 0.18625247646708043 0.39085169571984163 0.50831625012461457 0.014899962139636949 1.7322408059285102 1.4867071952360624


